epoch,accuracy,loss,val_accuracy,val_loss
0,0.7867633,0.5433840454143026,0.9286957,0.20967442051224086
1,0.91913044,0.2659812040662996,0.9243478,0.21396222264870354
2,0.9311111,0.23790560738188057,0.92695653,0.21239775559176569
3,0.9374879,0.21082848834242798,0.92608696,0.21271842256836268
4,0.94135267,0.19566799675784824,0.93043476,0.19595855417458907
5,0.9385507,0.19524915634865922,0.9295652,0.19317723253498906
6,0.9390338,0.19327956273072008,0.9321739,0.181215859832971
7,0.9426087,0.17739014423411825,0.9373913,0.16487623365029044
8,0.94386476,0.16721958120951905,0.94086957,0.1554062055763991
9,0.94338167,0.16561210927899908,0.94173914,0.13965934126273447
10,0.9447343,0.1564889558242715,0.9443478,0.1348852411042089
11,0.9494686,0.15312068187960104,0.9469565,0.12775749776674353
12,0.9484058,0.15553296164613992,0.9504348,0.12104182940462362
13,0.9517874,0.1434673969582587,0.9521739,0.12484249249748562
14,0.9522705,0.13741864623654867,0.9513044,0.12622371537529903
15,0.9557488,0.13253482879647885,0.95391303,0.1125665300047916
16,0.9571981,0.12182374414506454,0.95304346,0.11200483358424643
17,0.9591304,0.12209309727421418,0.9573913,0.10443487543126811
18,0.95990336,0.11453755594214092,0.9573913,0.10282263236201328
19,0.9601932,0.11204177979253917,0.9582609,0.10513066461552745
20,0.958744,0.11669796024687625,0.9573913,0.10266183095133823
21,0.96038646,0.11789666269136512,0.95652175,0.102512639735056
22,0.961256,0.1101679598910797,0.9582609,0.1002514158513235
23,0.96028984,0.10695194535569293,0.96,0.09572999308938565
24,0.9625121,0.10702142610687061,0.96086955,0.09081793133331381
25,0.9625121,0.10688899623023139,0.96,0.09730315093113029
26,0.96193236,0.10642155250345452,0.96,0.09627026871494625
27,0.96386474,0.10227331486877037,0.96,0.09048782067454379
28,0.96183574,0.10242614659998152,0.9626087,0.0882873200851938
29,0.96492755,0.09626591501784497,0.9626087,0.08757298312757326
30,0.96483094,0.09878249339579384,0.96347827,0.08492110045059867
31,0.96492755,0.098284341648293,0.96086955,0.09345482331255207
32,0.9629952,0.10124970848217678,0.96086955,0.09111969197573869
33,0.96637684,0.09764787208630843,0.9591304,0.09150685548782349
34,0.9669565,0.09256420865942891,0.9617391,0.08869842754757923
35,0.96599036,0.09035981839693687,0.9626087,0.08832522844490798
36,0.9651208,0.09845028708670918,0.9617391,0.08944910298223081
37,0.96531403,0.09286676688470702,0.9626087,0.08849308022986288
38,0.9657971,0.09033696247039785,0.96,0.09003066131602162
39,0.9681159,0.088923557072266,0.9573913,0.097891977040664
40,0.9657971,0.08975051894424042,0.96,0.09434527016204336
